4
Date : 4/11/2019 , Device: activity tracker , Data : { TotalSteps : 10106 , TotalDistance : 7.09000015258789 , TrackerDistance : 7.09000015258789 , LoggedActivitiesDistance : 0.0 , VeryActiveDistance : 1.21000003814697 , ModeratelyActiveDistance : 0.560000002384186 , LightActiveDistance : 5.32999992370605 , SedentaryActiveDistance : 0.0 , VeryActiveMinutes : 41 , FairlyActiveMinutes : 16 , LightlyActiveMinutes : 272 , SedentaryMinutes : 1111 }
Date : 4/12/2019 , Device: activity tracker , Data : { TotalSteps : 6717 , TotalDistance : 4.71999979019165 , TrackerDistance : 4.71999979019165 , LoggedActivitiesDistance : 0.0 , VeryActiveDistance : 3.2300000190734903 , ModeratelyActiveDistance : 0.219999998807907 , LightActiveDistance : 1.26999998092651 , SedentaryActiveDistance : 0.0 , VeryActiveMinutes : 41 , FairlyActiveMinutes : 5 , LightlyActiveMinutes : 67 , SedentaryMinutes : 551 }
Date : 4/4/2019 , Device: activity tracker , Data : { TotalSteps : 15313 , TotalDistance : 11.0 , TrackerDistance : 11.0 , LoggedActivitiesDistance : 0.0 , VeryActiveDistance : 5.019999980926509 , ModeratelyActiveDistance : 1.28999996185303 , LightActiveDistance : 4.69000005722046 , SedentaryActiveDistance : 0.0 , VeryActiveMinutes : 62 , FairlyActiveMinutes : 19 , LightlyActiveMinutes : 233 , SedentaryMinutes : 1126 }
Date : 4/7/2019 , Device: activity tracker , Data : { TotalSteps : 18247 , TotalDistance : 13.8299999237061 , TrackerDistance : 13.8299999237061 , LoggedActivitiesDistance : 0.0 , VeryActiveDistance : 7.110000133514401 , ModeratelyActiveDistance : 2.2100000381469704 , LightActiveDistance : 4.51000022888184 , SedentaryActiveDistance : 0.0 , VeryActiveMinutes : 72 , FairlyActiveMinutes : 62 , LightlyActiveMinutes : 252 , SedentaryMinutes : 1054 }
