4
Date : 4/1/2019 , Device: HRM ,  Data : { Heart Rate : 88.57391585770518 }
Date : 4/10/2019 , Device: HRM ,  Data : { Heart Rate : 80.38854397154717 }
Date : 4/3/2019 , Device: HRM ,  Data : { Heart Rate : 74.3982317893523 }
Date : 4/5/2019 , Device: HRM ,  Data : { Heart Rate : 83.47432808155799 }
